%YAML:1.0
---
image_width: 1280
image_height: 720
camera_matrix: !!opencv-matrix
   rows: 3
   cols: 3
   dt: f
   data: [ 6.76836121e+02, 0., 6.39814453e+02, 0., 6.79405273e+02,
       3.63549286e+02, 0., 0., 1. ]
distortion_coefficients: !!opencv-matrix
   rows: 1
   cols: 5
   dt: f
   data: [ 8.82172398e-03, -1.20564885e-01, 4.95439512e-04,
       1.32962270e-03, 9.91295949e-02 ]
