%YAML:1.0
---
image_width: 1280
image_height: 720
camera_matrix: !!opencv-matrix
   rows: 3
   cols: 3
   dt: f
   data: [ 9.05479492e+02, 0., 6.35973267e+02, 0., 9.06558044e+02,
       3.53632874e+02, 0., 0., 1. ]
distortion_coefficients: !!opencv-matrix
   rows: 1
   cols: 5
   dt: f
   data: [ -4.36029285e-02, 1.68416485e-01, -1.25705393e-03,
       -1.48900168e-03, -1.79928586e-01 ]
