%YAML:1.0
---
image_width: 1280
image_height: 960
camera_matrix: !!opencv-matrix
   rows: 3
   cols: 3
   dt: f
   data: [ 1.10525769e+03, 0., 6.41479980e+02, 0., 1.10635071e+03,
       4.69417267e+02, 0., 0., 1. ]
distortion_coefficients: !!opencv-matrix
   rows: 1
   cols: 5
   dt: f
   data: [ 1.07101910e-01, -3.52716744e-01, -2.69449595e-03,
       1.16652623e-03, 4.66667295e-01 ]
