%YAML:1.0
---
image_width: 1920
image_height: 1080
camera_matrix: !!opencv-matrix
   rows: 3
   cols: 3
   dt: f
   data: [ 1.61077930e+03, 0., 9.54473938e+02, 0., 1.60394177e+03,
       5.47642578e+02, 0., 0., 1. ]
distortion_coefficients: !!opencv-matrix
   rows: 1
   cols: 5
   dt: f
   data: [ 1.09468803e-01, -5.20834625e-01, -1.48978119e-03,
       3.13971541e-04, 8.82250309e-01 ]
