%YAML:1.0
---
image_width: 1280
image_height: 720
camera_matrix: !!opencv-matrix
   rows: 3
   cols: 3
   dt: f
   data: [ 1.09965234e+03, 0., 6.34231323e+02, 0., 1.10053015e+03,
       3.66751862e+02, 0., 0., 1. ]
distortion_coefficients: !!opencv-matrix
   rows: 1
   cols: 5
   dt: f
   data: [ 8.52570981e-02, -2.99653500e-01, 8.74132675e-04,
       -7.29535168e-05, 4.85743821e-01 ]
